'Bearing type',0.;
'Heat data',433.,435.,449.,442.,451.,442.,442.;
'Ball data',22.225e-3,20.,2.,1.0e-7;
'Other data',167.5375e-3,27.;
'Outer race data',201.725e-3,178.6e-3,0.515,30.3e-3,0.,2.,1.0e-7,0.05,4000.,0.,0.,0.,0.,0.,0.,0.,0.,0.,0.,0.,0.,0.,0.;
'Inner race data',133.35e-3,158.7e-3,0.52,30.3e-3,2.16e-4,2.,1.0e-7,0.05,12000.,0.,0.,1.,1.,1.,1.,1.,1.,0.,0.,0.,0.,0.,0.;
'Cage data',1.,178.0e-3,162.7e-3,178.0e-3,22.85e-3,0.,29.7e-3,0.3e-3,2.00e-3,3.425e-3,3.425e-3,1.,1e-7,0.05,0.05,0.935e-4,0.,0.e-3,6.,0.,1.,1.,1.,0.,0.,-1e-4;
'Oil data',1.,0.,0.,0.,0.050,0.036,1.,1.,0.,0.08,0.,0.,0.08,0.,0.,0.,10.,8.0e-7,3.0e-6,1.,0.05,1.,0.,433.;
'House and shaft data',220e-3,100e-3,5.0e-5,5.0e-5,1.,1.;
'Moving frame data',0.,0.,0.,0.,0.,0.,0.;
'Gravity data',9.81,0.,0.,1.;
'Bearing life data',1.,0.,0.,0.,1.28,;
'Irregular geometry data',0.,0.,1.,0.,0.,0.,0.,0.,0.,0.,0.,0.,0.,0.,0.,0.,0.,0.,0.,0.,0.,0.,0.,0.,0.,0.,0.,0.,0.,0.,0.,0.,0.,0.,0.,0.,0.,0.,0.,0.,0.,0.,0.,0.,0.,0.,0.,0.,0.,0.,0.,0.,0.,0.,0.,0.,0.,0.,0.,0.,1.,0.,0.,0.,1.,0.,0.,0.;
'Time step and condition data',0.,0.,0.,2.,20000.,1.,2000.,0.,0.,0.,0.,0.;